0
1
8
20
21
22
23
24
25
26
27
28
29
30
31
32
33
34
35
36
38
39
40
41
42
43
44
45
46
47
49
50
52
53
56
58
61
66
67
68
72
74
75
76
81
83
87
88
90
94
98
99
104
105
107
108
109
110
111
112
113
117
122
123
124
127
128
136
149
152
168
178
203
210
220
221
222
223
224
225
226
227
228
229
230
231
239
240
241
247
248
250
279
320
322
351
352
353
372
407
422
428
429
430
431
432
445
459
471
472
489
490
541
542
543
544
546
547
553
554
572
625
632
634
635
640
641
643
644
656
668
669
714
731
733
734
736
738
747
771
836
837
838
839
840
841
842
843
844
845
846
847
848
849
850
851
852
853
854
855
856
857
858
859
860
861
862
863
864
865
866
867
868
869
870
871
872
873
874
875
876
877
878
879
880
881
882
883
884
885
886
887
888
889
890
891
892
893
894
895
896
897
898
899
900
901
902
903
904
905
906
907
908
909
916
917
934
936
937
938
939
940
941
996
997
999
1094
1210
1262
1299
1342
1372
1381
1382
1387
1388
1389
1390
1391
1392
1393
1394
1395
1396
1397
1398
1434
1439
1440
1441
1442
1452
1476
1480
1481
1482
1483
1484
1485
1486
1487
1488
1489
1490
1491
1492
1493
1494
1498
1503
1504
1505
1507
1508
1509
1519
1541
1542
1547
1553
1554
1570
1571
1580
1584
1588
1609
1630
1631
1633
1640
1641
1663
1664
1665
1673
1674
1675
1684
1685
1686
1687
1688
1689
1703
1709
1728
1807
1811
1817
1818
1819
1820
1821
1822
1823
1824
1829
1833
1834
1836
1840
1843
1844
1845
1848
1853
1854
1855
1856
1857
1858
1859
1860
1861
1862
1863
1864
1865
1866
1868
1869
1870
1872
1875
1877
1884
1893
1895
1896
1897
1898
1899
1903
1907
1908
1909
1910
1912
1920
1925
